image: small_house_15cm.pgm
resolution: 0.150000
origin: [-4.050000, -4.050000, 0.000000]
negate: 0
occupied_thresh: 0.65
free_thresh: 0.196

