image: small_room_40cm.pgm
resolution: 0.400000
origin: [-4.000000, -4.000000, 0.000000]
negate: 0
occupied_thresh: 0.65
free_thresh: 0.196

